releases
1345930326
1348270636
1349430258
1349434133
1349875291
1349876841
1350142263
1350326877
1350328620
1350329208
1350740235
1353280475
1353402092
1353407775
1353514528
1353520443
1356037794
1363256210
1365342423
1365755601
1365761436
1365862031
1367152103
1368297771
1368303626
1368344557
1368534476
1368555075
1369650064
1369990423
1373188990
1374446604
1378726548
1379196677
1379198993
1380028463
1380120088
1380706952
1380707930
1381173491
1381174437
1381177293
1382189371
1382205373
1382289196
1382557037
1382628365
1383249124
1384099285
1384678319
1385467124
1385891961
1386336046
1386527228
1386610021
1387122094
1389348748
1389352051
1390226092
1390391420
1391082994
1392454249
1392467519
1392810691
1393677017
1393756223
1394879437
1395051110
1396083865
1398506380
1398764952
1399275224
1399535314
1402164153
1402490833
1402733940
1403192318
1403729311
1406560392
1406798685
1407828680
1407828998
1407831432
1407916061
1410172111
1410430123
1410612570
1410947132
1411823880
1412074426
1412671969
1413536977
1414239286
1415792574
1416470115
1417525499
1418154979
1418717731
1418724950
1420225783
1420655486
1422009270
1423384731
1423475361
1423496629
1431338153
1434225340
1438518272
1438648076
1443805420
1444871491
1446041253
1449675876
1452449699
1550332911
